1 0.451875 0.194002 0.196250 0.133083
0 0.193125 0.611996 0.028750 0.018744
0 0.243125 0.400187 0.053750 0.054358
0 0.505625 0.373477 0.038750 0.064667
0 0.237500 0.498126 0.060000 0.047798
0 0.155625 0.548735 0.028750 0.021556
0 0.162500 0.198688 0.042500 0.029991
0 0.086250 0.225867 0.035000 0.028116
0 0.560000 0.865979 0.087500 0.082474
0 0.036875 0.534208 0.073750 0.063730
0 0.205625 0.575445 0.028750 0.022493
0 0.039375 0.766167 0.028750 0.015933
0 0.188125 0.277413 0.038750 0.026242
0 0.276875 0.350047 0.031250 0.045923
0 0.581875 0.569822 0.088750 0.086223
0 0.359375 0.774602 0.071250 0.051546
0 0.212500 0.358013 0.037500 0.022493
0 0.291250 0.538425 0.035000 0.030928
0 0.107500 0.515464 0.017500 0.016870
0 0.162500 0.354733 0.025000 0.021556
0 0.594375 0.743205 0.038750 0.031865
0 0.296250 0.413308 0.032500 0.020619
0 0.038750 0.300843 0.032500 0.028116
0 0.150000 0.835520 0.027500 0.019681
0 0.040625 0.738051 0.026250 0.021556
0 0.285625 0.684630 0.026250 0.023430
0 0.626250 0.380037 0.052500 0.049672
0 0.270000 0.437207 0.017500 0.014058
